timestamp,elapsed_sec,up_bid,up_ask,down_bid,down_ask,up_spread,down_spread,btc_price,btc_oracle_ts
1777270500.523,0.523,0.5,0.51,0.47,0.5,0.01,0.03,77742.93,1777270499000
1777270501.032,1.032,0.51,0.52,0.48,0.49,0.01,0.01,77742.93,1777270499000
1777270501.383,1.383,0.53,0.54,0.46,0.47,0.01,0.01,77743.08,1777270500000
1777270501.73,1.73,0.5,0.51,0.48,0.49,0.01,0.01,77743.08,1777270500000
1777270502.136,2.136,0.46,0.48,0.52,0.53,0.02,0.01,77743.08,1777270500000
1777270502.508,2.508,0.43,0.44,0.56,0.57,0.01,0.01,77743.66,1777270501000
1777270502.93,2.93,0.42,0.44,0.56,0.58,0.02,0.02,77743.66,1777270501000
1777270503.272,3.272,0.42,0.43,0.56,0.57,0.01,0.01,77741.85,1777270502000
1777270503.664,3.664,0.41,0.42,0.58,0.59,0.01,0.01,77741.85,1777270502000
1777270504.075,4.075,0.41,0.42,0.58,0.59,0.01,0.01,77741.85,1777270502000
1777270504.411,4.411,0.41,0.42,0.58,0.59,0.01,0.01,77733.23,1777270503000
1777270504.795,4.795,0.41,0.42,0.58,0.59,0.01,0.01,77733.23,1777270503000
1777270505.159,5.159,0.41,0.44,0.55,0.6,0.03,0.05,77733.23,1777270503000
1777270505.582,5.582,0.41,0.42,0.58,0.59,0.01,0.01,77727.27,1777270504000
1777270505.93,5.93,0.41,0.42,0.58,0.59,0.01,0.01,77727.27,1777270504000
1777270506.281,6.281,0.41,0.42,0.58,0.59,0.01,0.01,77726.74,1777270505000
1777270506.839,6.839,0.41,0.42,0.58,0.59,0.01,0.01,77726.74,1777270505000
1777270507.202,7.202,0.41,0.42,0.58,0.59,0.01,0.01,77726.8,1777270506000
1777270507.664,7.664,0.41,0.42,0.57,0.59,0.01,0.02,77726.8,1777270506000
1777270507.998,7.998,0.41,0.42,0.58,0.59,0.01,0.01,77726.8,1777270506000
1777270508.404,8.404,0.41,0.42,0.58,0.59,0.01,0.01,77727.8,1777270507000
1777270508.766,8.766,0.41,0.42,0.58,0.59,0.01,0.01,77727.8,1777270507000
1777270509.147,9.147,0.4,0.41,0.59,0.6,0.01,0.01,77727.8,1777270507000
1777270509.644,9.644,0.4,0.41,0.59,0.6,0.01,0.01,77726.71,1777270508000
1777270510.254,10.254,0.38,0.41,0.59,0.6,0.03,0.01,77726.71,1777270508000
1777270510.591,10.591,0.36,0.37,0.63,0.64,0.01,0.01,77727.8,1777270509000
1777270511.028,11.028,0.36,0.37,0.63,0.64,0.01,0.01,77727.11,1777270510000
1777270511.485,11.485,0.36,0.37,0.63,0.64,0.01,0.01,77727.11,1777270510000
1777270511.823,11.823,0.36,0.37,0.63,0.64,0.01,0.01,77727.11,1777270510000
1777270512.182,12.182,0.36,0.39,0.61,0.64,0.03,0.03,77724.49,1777270511000
1777270512.685,12.685,0.38,0.39,0.61,0.62,0.01,0.01,77724.49,1777270511000
1777270513.075,13.075,0.38,0.39,0.61,0.62,0.01,0.01,77724.49,1777270511000
1777270513.501,13.501,0.38,0.39,0.61,0.62,0.01,0.01,77724.49,1777270511000
1777270513.982,13.982,0.38,0.39,0.61,0.62,0.01,0.01,77719.3,1777270512000
1777270514.454,14.454,0.37,0.38,0.61,0.62,0.01,0.01,77719.3,1777270513000
1777270515.733,15.733,0.38,0.39,0.61,0.63,0.01,0.02,77719.3,1777270513000
1777270516.353,16.353,0.34,0.35,0.65,0.66,0.01,0.01,77720.58,1777270514000
1777270516.695,16.695,0.34,0.35,0.65,0.66,0.01,0.01,77719.1,1777270515000
1777270517.357,17.357,0.34,0.35,0.65,0.66,0.01,0.01,77719.1,1777270515000
1777270518.02,18.02,0.33,0.34,0.66,0.67,0.01,0.01,77718.53,1777270516000
1777270518.523,18.523,0.33,0.34,0.66,0.67,0.01,0.01,77716.82,1777270517000
1777270518.886,18.886,0.32,0.33,0.67,0.68,0.01,0.01,77716.82,1777270517000
1777270519.307,19.307,0.32,0.33,0.67,0.68,0.01,0.01,77716.82,1777270517000
1777270519.888,19.888,0.32,0.33,0.67,0.68,0.01,0.01,77717.68,1777270518000
1777270520.391,20.391,0.32,0.33,0.67,0.68,0.01,0.01,77717.68,1777270518000
1777270520.792,20.792,0.33,0.34,0.66,0.68,0.01,0.02,77712.87,1777270519000
1777270521.206,21.206,0.33,0.34,0.66,0.67,0.01,0.01,77713.26,1777270520000
1777270521.896,21.896,0.33,0.34,0.66,0.67,0.01,0.01,77713.26,1777270520000
1777270522.342,22.342,0.34,0.35,0.65,0.66,0.01,0.01,77713.26,1777270520000
1777270522.834,22.834,0.34,0.35,0.65,0.66,0.01,0.01,77712.82,1777270521000
1777270523.456,23.456,0.34,0.35,0.65,0.66,0.01,0.01,77712.82,1777270522000
1777270523.791,23.791,0.34,0.35,0.65,0.66,0.01,0.01,77712.82,1777270522000
1777270524.313,24.313,0.34,0.35,0.65,0.66,0.01,0.01,77712.82,1777270522000
1777270524.735,24.735,0.34,0.35,0.65,0.66,0.01,0.01,77712.53,1777270523000
1777270525.207,25.207,0.34,0.35,0.65,0.66,0.01,0.01,77712.53,1777270524000
1777270525.746,25.746,0.33,0.34,0.66,0.67,0.01,0.01,77712.53,1777270524000
1777270526.179,26.179,0.33,0.34,0.66,0.67,0.01,0.01,77712.53,1777270524000
1777270526.69,26.69,0.31,0.32,0.66,0.69,0.01,0.03,77709.45,1777270525000
1777270527.15,27.15,0.31,0.32,0.68,0.69,0.01,0.01,77709.45,1777270526000
1777270527.956,27.956,0.31,0.32,0.68,0.69,0.01,0.01,77709.45,1777270526000
1777270528.565,28.565,0.31,0.32,0.68,0.69,0.01,0.01,77708.63,1777270527000
1777270528.972,28.972,0.28,0.29,0.68,0.69,0.01,0.01,77708.63,1777270527000
1777270529.357,29.357,0.28,0.29,0.71,0.72,0.01,0.01,77707.88,1777270528000
1777270529.934,29.934,0.31,0.32,0.67,0.7,0.01,0.03,77707.88,1777270528000
1777270530.269,30.269,0.32,0.33,0.67,0.69,0.01,0.02,77706.99,1777270529000
1777270530.63,30.63,0.32,0.33,0.67,0.68,0.01,0.01,77706.99,1777270529000
1777270531.165,31.165,0.32,0.33,0.67,0.68,0.01,0.01,77706.99,1777270529000
1777270531.559,31.559,0.32,0.33,0.67,0.68,0.01,0.01,77704.03,1777270530000
1777270531.931,31.931,0.32,0.33,0.67,0.68,0.01,0.01,77704.03,1777270530000
1777270532.326,32.326,0.32,0.33,0.67,0.68,0.01,0.01,77703.77,1777270531000
1777270532.869,32.869,0.32,0.33,0.67,0.68,0.01,0.01,77703.77,1777270531000
1777270533.25,33.25,0.32,0.33,0.67,0.68,0.01,0.01,77703.77,1777270531000
1777270533.793,33.793,0.31,0.32,0.68,0.69,0.01,0.01,77705.51,1777270532000
1777270534.202,34.202,0.31,0.32,0.68,0.69,0.01,0.01,77705.19,1777270533000
1777270534.575,34.575,0.31,0.32,0.68,0.69,0.01,0.01,77705.19,1777270533000
1777270535.086,35.086,0.31,0.32,0.68,0.69,0.01,0.01,77705.19,1777270533000
1777270535.863,35.863,0.31,0.32,0.68,0.69,0.01,0.01,77705.19,1777270533000
1777270536.591,36.591,0.31,0.32,0.68,0.69,0.01,0.01,77704.83,1777270535000
1777270537.237,37.237,0.31,0.32,0.68,0.69,0.01,0.01,77706.1,1777270536000
1777270537.596,37.596,0.31,0.32,0.68,0.69,0.01,0.01,77706.1,1777270536000
1777270538.573,38.573,0.31,0.32,0.68,0.69,0.01,0.01,77706.1,1777270536000
1777270538.915,38.915,0.31,0.37,0.63,0.69,0.06,0.06,77707.83,1777270537000
1777270539.258,39.258,0.35,0.37,0.63,0.65,0.02,0.02,77707.83,1777270537000
1777270539.604,39.604,0.35,0.38,0.62,0.65,0.03,0.03,77707.83,1777270537000
1777270540.013,40.013,0.39,0.4,0.6,0.61,0.01,0.01,77709.93,1777270538000
1777270540.351,40.351,0.39,0.4,0.59,0.61,0.01,0.02,77709.93,1777270538000
1777270540.778,40.778,0.39,0.4,0.6,0.61,0.01,0.01,77713.49,1777270539000
1777270541.127,41.127,0.39,0.4,0.6,0.61,0.01,0.01,77713.49,1777270539000
1777270541.612,41.612,0.39,0.4,0.6,0.61,0.01,0.01,77713.39,1777270540000
1777270541.951,41.951,0.39,0.4,0.6,0.61,0.01,0.01,77713.39,1777270540000
1777270542.416,42.416,0.39,0.4,0.6,0.61,0.01,0.01,77713.39,1777270540000
1777270542.847,42.847,0.39,0.43,0.57,0.61,0.04,0.04,77713.32,1777270541000
1777270543.197,43.197,0.41,0.42,0.57,0.59,0.01,0.02,77713.32,1777270541000
1777270543.57,43.57,0.41,0.42,0.58,0.59,0.01,0.01,77714.61,1777270542000
1777270544.073,44.073,0.41,0.42,0.58,0.59,0.01,0.01,77714.61,1777270542000
1777270544.603,44.603,0.41,0.42,0.58,0.59,0.01,0.01,77715.91,1777270543000
1777270545.047,45.047,0.41,0.42,0.58,0.59,0.01,0.01,77715.91,1777270543000
1777270545.454,45.454,0.41,0.42,0.58,0.59,0.01,0.01,77715.91,1777270543000
1777270545.832,45.832,0.41,0.42,0.58,0.59,0.01,0.01,77714.72,1777270544000
1777270546.249,46.249,0.41,0.42,0.58,0.59,0.01,0.01,77714.72,1777270544000
1777270546.708,46.708,0.41,0.42,0.58,0.59,0.01,0.01,77714.72,1777270545000
1777270547.178,47.178,0.41,0.42,0.58,0.59,0.01,0.01,77714.42,1777270546000
1777270547.756,47.756,0.41,0.42,0.58,0.59,0.01,0.01,77714.42,1777270546000
1777270548.124,48.124,0.41,0.42,0.58,0.59,0.01,0.01,77714.42,1777270546000
1777270548.559,48.559,0.41,0.42,0.58,0.59,0.01,0.01,77714.42,1777270546000
1777270549.014,49.014,0.41,0.42,0.58,0.59,0.01,0.01,77717.17,1777270547000
1777270549.599,49.599,0.41,0.42,0.58,0.59,0.01,0.01,77717.17,1777270547000
1777270550.298,50.298,0.41,0.42,0.58,0.59,0.01,0.01,77714.91,1777270549000
1777270550.953,50.953,0.41,0.42,0.58,0.59,0.01,0.01,77714.91,1777270549000
1777270551.71,51.71,0.41,0.42,0.58,0.59,0.01,0.01,77719.72,1777270550000
1777270552.246,52.246,0.41,0.42,0.58,0.59,0.01,0.01,77719.72,1777270550000
1777270552.675,52.675,0.41,0.42,0.58,0.59,0.01,0.01,77721.22,1777270551000
1777270553.035,53.035,0.4,0.41,0.58,0.59,0.01,0.01,77721.22,1777270551000
1777270553.506,53.506,0.4,0.41,0.59,0.6,0.01,0.01,77719.73,1777270552000
1777270553.899,53.899,0.4,0.41,0.59,0.6,0.01,0.01,77719.73,1777270552000
1777270554.613,54.613,0.4,0.41,0.59,0.6,0.01,0.01,77720.64,1777270553000
1777270555.169,55.169,0.4,0.41,0.59,0.6,0.01,0.01,77720.64,1777270554000
1777270556.017,56.017,0.4,0.41,0.59,0.6,0.01,0.01,77720.64,1777270554000
1777270556.533,56.533,0.4,0.41,0.59,0.6,0.01,0.01,77721.49,1777270555000
1777270557.292,57.292,0.4,0.41,0.59,0.6,0.01,0.01,77721.49,1777270555000
1777270558.177,58.177,0.4,0.41,0.59,0.6,0.01,0.01,77722.03,1777270557000
1777270558.517,58.517,0.41,0.42,0.56,0.59,0.01,0.03,77722.03,1777270557000
1777270559.132,59.132,0.41,0.42,0.58,0.59,0.01,0.01,77719.74,1777270558000
1777270559.499,59.499,0.41,0.46,0.58,0.59,0.05,0.01,77719.74,1777270558000
1777270560.158,60.158,0.45,0.46,0.54,0.59,0.01,0.05,77719.74,1777270558000
1777270560.661,60.661,0.45,0.46,0.54,0.55,0.01,0.01,77726.18,1777270559000
1777270561.112,61.112,0.45,0.47,0.53,0.55,0.02,0.02,77726.6,1777270560000
1777270561.451,61.451,0.45,0.46,0.54,0.55,0.01,0.01,77726.6,1777270560000
1777270561.81,61.81,0.46,0.47,0.53,0.54,0.01,0.01,77726.6,1777270560000
1777270562.17,62.17,0.45,0.46,0.54,0.55,0.01,0.01,77726.19,1777270561000
1777270562.698,62.698,0.45,0.47,0.54,0.55,0.02,0.01,77726.19,1777270561000
1777270563.045,63.045,0.46,0.47,0.53,0.54,0.01,0.01,77726.19,1777270562000
1777270563.422,63.422,0.46,0.47,0.53,0.54,0.01,0.01,77726.19,1777270562000
1777270563.826,63.826,0.45,0.46,0.53,0.55,0.01,0.02,77726.19,1777270562000
1777270564.182,64.182,0.45,0.47,0.54,0.55,0.02,0.01,77726.6,1777270563000
1777270564.696,64.696,0.45,0.46,0.53,0.55,0.01,0.02,77726.6,1777270563000
1777270565.151,65.151,0.45,0.46,0.54,0.55,0.01,0.01,77726.6,1777270563000
1777270565.564,65.564,0.45,0.46,0.54,0.55,0.01,0.01,77726.63,1777270564000
1777270565.919,65.919,0.45,0.47,0.53,0.55,0.02,0.02,77726.63,1777270564000
1777270566.259,66.259,0.45,0.46,0.53,0.55,0.01,0.02,77726.42,1777270565000
1777270566.6,66.6,0.45,0.46,0.54,0.55,0.01,0.01,77726.42,1777270565000
1777270567.007,67.007,0.45,0.46,0.54,0.55,0.01,0.01,77726.36,1777270566000
1777270567.377,67.377,0.44,0.45,0.55,0.56,0.01,0.01,77726.36,1777270566000
1777270567.944,67.944,0.44,0.45,0.55,0.56,0.01,0.01,77726.36,1777270566000
1777270568.402,68.402,0.42,0.45,0.55,0.56,0.03,0.01,77728.16,1777270567000
1777270568.738,68.738,0.4,0.43,0.55,0.58,0.03,0.03,77728.16,1777270567000
1777270569.087,69.087,0.41,0.42,0.58,0.59,0.01,0.01,77727.46,1777270568000
1777270569.577,69.577,0.41,0.42,0.58,0.59,0.01,0.01,77727.46,1777270568000
1777270569.972,69.972,0.4,0.41,0.59,0.6,0.01,0.01,77725.8,1777270569000
1777270570.342,70.342,0.4,0.41,0.59,0.6,0.01,0.01,77725.8,1777270569000
1777270570.964,70.964,0.4,0.41,0.59,0.6,0.01,0.01,77727.88,1777270570000
1777270571.572,71.572,0.4,0.41,0.59,0.6,0.01,0.01,77727.88,1777270570000
1777270572.011,72.011,0.4,0.41,0.59,0.6,0.01,0.01,77727.41,1777270571000
1777270572.432,72.432,0.4,0.41,0.59,0.6,0.01,0.01,77727.41,1777270571000
1777270572.774,72.774,0.45,0.47,0.53,0.55,0.02,0.02,77727.41,1777270571000
1777270573.18,73.18,0.45,0.46,0.54,0.55,0.01,0.01,77725.75,1777270572000
1777270573.749,73.749,0.45,0.46,0.54,0.55,0.01,0.01,77725.75,1777270572000
1777270574.152,74.152,0.45,0.46,0.54,0.55,0.01,0.01,77727.12,1777270573000
1777270574.492,74.492,0.45,0.46,0.54,0.55,0.01,0.01,77727.12,1777270573000
1777270574.883,74.883,0.45,0.46,0.54,0.55,0.01,0.01,77727.12,1777270573000
1777270575.235,75.235,0.45,0.46,0.54,0.55,0.01,0.01,77726.48,1777270574000
1777270575.714,75.714,0.45,0.46,0.54,0.55,0.01,0.01,77726.48,1777270574000
1777270576.259,76.259,0.45,0.46,0.54,0.55,0.01,0.01,77727.91,1777270575000
1777270576.718,76.718,0.45,0.46,0.54,0.55,0.01,0.01,77727.91,1777270575000
1777270577.212,77.212,0.44,0.46,0.54,0.55,0.02,0.01,77727.68,1777270576000
1777270577.598,77.598,0.45,0.46,0.54,0.55,0.01,0.01,77727.68,1777270576000
1777270578.35,78.35,0.45,0.46,0.54,0.55,0.01,0.01,77727.68,1777270576000
1777270578.713,78.713,0.43,0.46,0.54,0.55,0.03,0.01,77725.84,1777270577000
1777270579.153,79.153,0.43,0.45,0.56,0.57,0.02,0.01,77725.84,1777270577000
1777270579.637,79.637,0.43,0.44,0.55,0.57,0.01,0.02,77727.82,1777270578000
1777270580.065,80.065,0.43,0.44,0.56,0.57,0.01,0.01,77727.82,1777270578000
1777270580.642,80.642,0.46,0.47,0.56,0.57,0.01,0.01,77726.89,1777270579000
1777270581.138,81.138,0.46,0.48,0.52,0.53,0.02,0.01,77726.89,1777270579000
1777270581.69,81.69,0.44,0.45,0.52,0.56,0.01,0.04,77727.91,1777270580000
1777270582.102,82.102,0.44,0.45,0.55,0.56,0.01,0.01,77727.91,1777270580000
1777270582.898,82.898,0.44,0.47,0.55,0.56,0.03,0.01,77728.8,1777270581000
1777270583.311,83.311,0.46,0.47,0.53,0.54,0.01,0.01,77728.8,1777270581000
1777270583.733,83.733,0.47,0.48,0.52,0.53,0.01,0.01,77728.46,1777270582000
1777270584.077,84.077,0.47,0.48,0.52,0.53,0.01,0.01,77730.87,1777270583000
1777270585.073,85.073,0.47,0.48,0.52,0.53,0.01,0.01,77730.75,1777270584000
1777270585.417,85.417,0.47,0.48,0.52,0.53,0.01,0.01,77730.75,1777270584000
1777270586.297,86.297,0.47,0.48,0.52,0.53,0.01,0.01,77730.75,1777270584000
1777270586.659,86.659,0.47,0.49,0.52,0.53,0.02,0.01,77730.75,1777270584000
1777270587.164,87.164,0.47,0.49,0.51,0.53,0.02,0.02,77731.08,1777270586000
1777270587.717,87.717,0.48,0.49,0.5,0.52,0.01,0.02,77731.08,1777270586000
1777270588.351,88.351,0.48,0.49,0.51,0.52,0.01,0.01,77731.08,1777270586000
1777270588.791,88.791,0.48,0.49,0.51,0.52,0.01,0.01,77731.25,1777270587000
1777270589.146,89.146,0.51,0.52,0.48,0.49,0.01,0.01,77732.59,1777270588000
1777270589.622,89.622,0.51,0.52,0.48,0.49,0.01,0.01,77732.59,1777270588000
1777270590.061,90.061,0.51,0.53,0.48,0.49,0.02,0.01,77732.59,1777270588000
1777270590.443,90.443,0.51,0.53,0.47,0.49,0.02,0.02,77735.11,1777270589000
1777270590.796,90.796,0.51,0.52,0.48,0.49,0.01,0.01,77735.11,1777270589000
1777270591.158,91.158,0.52,0.53,0.47,0.48,0.01,0.01,77735.11,1777270589000
1777270591.648,91.648,0.52,0.57,0.43,0.48,0.05,0.05,77739.34,1777270590000
1777270591.981,91.981,0.57,0.58,0.42,0.43,0.01,0.01,77739.34,1777270591000
1777270592.342,92.342,0.57,0.58,0.42,0.43,0.01,0.01,77739.34,1777270591000
1777270592.685,92.685,0.57,0.58,0.42,0.43,0.01,0.01,77739.34,1777270591000
1777270593.038,93.038,0.57,0.58,0.42,0.43,0.01,0.01,77744.42,1777270592000
1777270593.416,93.416,0.57,0.58,0.42,0.43,0.01,0.01,77744.42,1777270592000
1777270593.769,93.769,0.57,0.58,0.42,0.43,0.01,0.01,77744.42,1777270592000
1777270594.121,94.121,0.57,0.58,0.42,0.43,0.01,0.01,77745.68,1777270593000
1777270594.474,94.474,0.57,0.58,0.42,0.43,0.01,0.01,77745.68,1777270593000
1777270595.08,95.08,0.56,0.57,0.42,0.44,0.01,0.02,77745.68,1777270593000
1777270595.428,95.428,0.56,0.57,0.43,0.44,0.01,0.01,77747.53,1777270594000
1777270595.762,95.762,0.55,0.56,0.43,0.45,0.01,0.02,77747.53,1777270594000
1777270596.173,96.173,0.55,0.56,0.44,0.45,0.01,0.01,77748.08,1777270595000
1777270596.817,96.817,0.55,0.56,0.44,0.45,0.01,0.01,77748.08,1777270595000
1777270597.157,97.157,0.53,0.54,0.44,0.47,0.01,0.03,77748.03,1777270596000
1777270597.718,97.718,0.53,0.54,0.46,0.47,0.01,0.01,77748.03,1777270596000
1777270598.169,98.169,0.53,0.54,0.46,0.47,0.01,0.01,77748.03,1777270596000
1777270598.724,98.724,0.49,0.54,0.46,0.47,0.05,0.01,77749.29,1777270597000
1777270599.194,99.194,0.48,0.49,0.51,0.52,0.01,0.01,77749.41,1777270598000
1777270599.705,99.705,0.46,0.47,0.53,0.54,0.01,0.01,77749.41,1777270598000
1777270600.041,100.041,0.45,0.47,0.53,0.55,0.02,0.02,77749.41,1777270598000
1777270600.492,100.492,0.4,0.41,0.59,0.6,0.01,0.01,77747.79,1777270599000
1777270600.881,100.881,0.4,0.41,0.58,0.6,0.01,0.02,77747.79,1777270599000
1777270601.274,101.274,0.41,0.42,0.58,0.59,0.01,0.01,77747.79,1777270599000
1777270601.737,101.737,0.41,0.42,0.58,0.59,0.01,0.01,77744.9,1777270600000
1777270602.209,102.209,0.41,0.42,0.57,0.59,0.01,0.02,77736.15,1777270601000
1777270603.009,103.009,0.41,0.43,0.57,0.59,0.02,0.02,77736.15,1777270602000
1777270603.451,103.451,0.42,0.43,0.57,0.58,0.01,0.01,77736.15,1777270602000
1777270603.828,103.828,0.44,0.45,0.55,0.56,0.01,0.01,77736.15,1777270602000
1777270604.222,104.222,0.44,0.45,0.55,0.56,0.01,0.01,77734.29,1777270603000
1777270604.923,104.923,0.44,0.45,0.55,0.56,0.01,0.01,77734.29,1777270603000
1777270605.263,105.263,0.44,0.45,0.55,0.56,0.01,0.01,77737.51,1777270604000
1777270605.661,105.661,0.44,0.45,0.55,0.56,0.01,0.01,77737.51,1777270604000
1777270605.998,105.998,0.44,0.45,0.55,0.56,0.01,0.01,77737.51,1777270604000
1777270606.68,106.68,0.45,0.46,0.54,0.56,0.01,0.02,77736.16,1777270605000
1777270607.034,107.034,0.52,0.53,0.46,0.48,0.01,0.02,77736.16,1777270605000
1777270607.489,107.489,0.52,0.54,0.47,0.48,0.02,0.01,77736.16,1777270605000
1777270607.833,107.833,0.54,0.55,0.45,0.46,0.01,0.01,77736.14,1777270606000
1777270608.303,108.303,0.54,0.55,0.45,0.46,0.01,0.01,77740.58,1777270607000
1777270608.685,108.685,0.56,0.57,0.43,0.44,0.01,0.01,77740.58,1777270607000
1777270609.032,109.032,0.56,0.57,0.43,0.44,0.01,0.01,77745.9,1777270608000
1777270609.555,109.555,0.56,0.57,0.43,0.44,0.01,0.01,77745.9,1777270608000
1777270609.921,109.921,0.56,0.57,0.43,0.44,0.01,0.01,77745.9,1777270608000
1777270610.277,110.277,0.55,0.57,0.43,0.45,0.02,0.02,77746.73,1777270609000
1777270610.742,110.742,0.47,0.48,0.5,0.52,0.01,0.02,77746.73,1777270609000
1777270611.107,111.107,0.47,0.48,0.52,0.53,0.01,0.01,77746.73,1777270609000
1777270611.48,111.48,0.46,0.47,0.53,0.54,0.01,0.01,77747.64,1777270610000
1777270611.825,111.825,0.45,0.46,0.53,0.55,0.01,0.02,77747.64,1777270610000
1777270612.159,112.159,0.45,0.46,0.54,0.55,0.01,0.01,77742.64,1777270611000
1777270612.537,112.537,0.45,0.46,0.54,0.55,0.01,0.01,77742.64,1777270611000
1777270612.981,112.981,0.45,0.46,0.54,0.55,0.01,0.01,77742.64,1777270611000
1777270613.421,113.421,0.45,0.46,0.54,0.55,0.01,0.01,77742.27,1777270612000
1777270613.804,113.804,0.45,0.46,0.54,0.55,0.01,0.01,77742.27,1777270612000
1777270614.154,114.154,0.45,0.46,0.54,0.55,0.01,0.01,77740.3,1777270613000
1777270614.535,114.535,0.45,0.46,0.54,0.55,0.01,0.01,77740.3,1777270613000
1777270614.931,114.931,0.45,0.46,0.54,0.55,0.01,0.01,77740.3,1777270613000
1777270615.33,115.33,0.45,0.46,0.54,0.55,0.01,0.01,77740.14,1777270614000
1777270615.713,115.713,0.45,0.46,0.54,0.55,0.01,0.01,77740.14,1777270614000
1777270616.835,116.835,0.45,0.46,0.54,0.55,0.01,0.01,77740.14,1777270615000
1777270617.419,117.419,0.45,0.46,0.54,0.55,0.01,0.01,77738.23,1777270616000
1777270617.963,117.963,0.45,0.46,0.54,0.55,0.01,0.01,77738.23,1777270616000
1777270618.46,118.46,0.46,0.47,0.53,0.54,0.01,0.01,77740.45,1777270617000
1777270618.972,118.972,0.46,0.47,0.53,0.54,0.01,0.01,77740.45,1777270617000
1777270619.387,119.387,0.46,0.47,0.53,0.54,0.01,0.01,77740.45,1777270617000
1777270620.03,120.03,0.45,0.47,0.53,0.55,0.02,0.02,77741.41,1777270619000
1777270620.864,120.864,0.45,0.46,0.53,0.55,0.01,0.02,77741.41,1777270619000
1777270621.277,121.277,0.51,0.53,0.47,0.49,0.02,0.02,77741.21,1777270620000
1777270621.616,121.616,0.52,0.53,0.47,0.48,0.01,0.01,77741.21,1777270620000
1777270622.1,122.1,0.52,0.53,0.47,0.48,0.01,0.01,77741.21,1777270620000
1777270622.494,122.494,0.52,0.53,0.47,0.48,0.01,0.01,77736.29,1777270621000
1777270623.098,123.098,0.51,0.52,0.48,0.49,0.01,0.01,77736.29,1777270621000
1777270623.52,123.52,0.55,0.56,0.43,0.45,0.01,0.02,77743.7,1777270622000
1777270623.871,123.871,0.51,0.52,0.44,0.49,0.01,0.05,77743.7,1777270622000
1777270624.33,124.33,0.5,0.52,0.48,0.5,0.02,0.02,77743.7,1777270622000
1777270624.921,124.921,0.48,0.51,0.49,0.52,0.03,0.03,77747.17,1777270624000
1777270625.323,125.323,0.5,0.51,0.49,0.5,0.01,0.01,77747.17,1777270624000
1777270625.864,125.864,0.5,0.51,0.49,0.5,0.01,0.01,77746.77,1777270625000
1777270626.873,126.873,0.5,0.51,0.49,0.5,0.01,0.01,77746.77,1777270625000
1777270627.223,127.223,0.5,0.54,0.46,0.5,0.04,0.04,77746.57,1777270626000
1777270627.887,127.887,0.5,0.54,0.46,0.5,0.04,0.04,77746.57,1777270626000
1777270628.399,128.399,0.5,0.54,0.46,0.5,0.04,0.04,77749.14,1777270627000
1777270628.744,128.744,0.5,0.51,0.49,0.5,0.01,0.01,77749.14,1777270627000
1777270629.119,129.119,0.5,0.51,0.49,0.5,0.01,0.01,77749.14,1777270627000
1777270629.496,129.496,0.5,0.54,0.49,0.51,0.04,0.02,77747.59,1777270628000
1777270629.901,129.901,0.53,0.54,0.46,0.47,0.01,0.01,77747.59,1777270628000
1777270630.324,130.324,0.53,0.54,0.46,0.47,0.01,0.01,77746.79,1777270629000
1777270630.676,130.676,0.53,0.54,0.46,0.47,0.01,0.01,77746.79,1777270629000
1777270631.059,131.059,0.52,0.53,0.46,0.49,0.01,0.03,77746.79,1777270629000
1777270631.402,131.402,0.51,0.52,0.47,0.49,0.01,0.02,77746.49,1777270630000
1777270631.815,131.815,0.51,0.52,0.48,0.49,0.01,0.01,77746.49,1777270630000
1777270632.153,132.153,0.5,0.51,0.49,0.5,0.01,0.01,77746.49,1777270631000
1777270632.487,132.487,0.5,0.51,0.49,0.5,0.01,0.01,77746.49,1777270631000
1777270632.846,132.846,0.49,0.5,0.49,0.51,0.01,0.02,77746.49,1777270631000
1777270633.19,133.19,0.49,0.5,0.5,0.51,0.01,0.01,77746.49,1777270632000
1777270633.769,133.769,0.49,0.5,0.5,0.51,0.01,0.01,77746.49,1777270632000
1777270634.3,134.3,0.49,0.5,0.5,0.51,0.01,0.01,77746.99,1777270633000
1777270634.648,134.648,0.49,0.5,0.5,0.51,0.01,0.01,77746.99,1777270633000
1777270635.469,135.469,0.49,0.5,0.5,0.51,0.01,0.01,77746.99,1777270633000
1777270635.864,135.864,0.49,0.5,0.5,0.51,0.01,0.01,77748.1,1777270634000
1777270636.318,136.318,0.49,0.5,0.5,0.51,0.01,0.01,77748.1,1777270634000
1777270636.707,136.707,0.49,0.5,0.5,0.51,0.01,0.01,77746.49,1777270635000
1777270637.055,137.055,0.57,0.58,0.42,0.48,0.01,0.06,77746.49,1777270635000
1777270637.456,137.456,0.58,0.59,0.41,0.42,0.01,0.01,77746.49,1777270636000
1777270638.156,138.156,0.58,0.59,0.41,0.42,0.01,0.01,77746.49,1777270636000
1777270638.55,138.55,0.58,0.59,0.41,0.42,0.01,0.01,77757.33,1777270637000
1777270639.155,139.155,0.6,0.61,0.39,0.41,0.01,0.02,77757.33,1777270637000
1777270639.639,139.639,0.62,0.63,0.37,0.4,0.01,0.03,77761.01,1777270638000
1777270639.974,139.974,0.63,0.64,0.36,0.37,0.01,0.01,77761.01,1777270638000
1777270640.316,140.316,0.63,0.64,0.36,0.37,0.01,0.01,77761.01,1777270638000
1777270640.702,140.702,0.63,0.64,0.36,0.37,0.01,0.01,77761.34,1777270639000
1777270641.046,141.046,0.61,0.62,0.38,0.39,0.01,0.01,77762.52,1777270640000
1777270641.796,141.796,0.61,0.62,0.38,0.42,0.01,0.04,77762.52,1777270640000
1777270642.298,142.298,0.61,0.62,0.38,0.39,0.01,0.01,77768.32,1777270641000
1777270642.648,142.648,0.61,0.62,0.38,0.4,0.01,0.02,77768.32,1777270641000
1777270643.222,143.222,0.61,0.62,0.38,0.39,0.01,0.01,77768.78,1777270642000
1777270643.707,143.707,0.6,0.61,0.39,0.4,0.01,0.01,77768.78,1777270642000
1777270644.212,144.212,0.6,0.61,0.39,0.4,0.01,0.01,77768.78,1777270642000
1777270644.545,144.545,0.6,0.61,0.39,0.4,0.01,0.01,77764.88,1777270643000
1777270644.958,144.958,0.6,0.62,0.39,0.4,0.02,0.01,77764.88,1777270643000
1777270645.478,145.478,0.61,0.63,0.37,0.39,0.02,0.02,77764.88,1777270643000
1777270645.826,145.826,0.62,0.63,0.37,0.38,0.01,0.01,77764.54,1777270644000
1777270646.265,146.265,0.62,0.63,0.37,0.38,0.01,0.01,77764.98,1777270645000
1777270646.624,146.624,0.62,0.63,0.37,0.38,0.01,0.01,77764.98,1777270645000
1777270647.049,147.049,0.62,0.63,0.37,0.38,0.01,0.01,77764.98,1777270645000
1777270647.412,147.412,0.62,0.63,0.37,0.38,0.01,0.01,77764.98,1777270646000
1777270647.904,147.904,0.62,0.63,0.37,0.38,0.01,0.01,77764.98,1777270646000
1777270648.266,148.266,0.64,0.65,0.35,0.36,0.01,0.01,77764.98,1777270646000
1777270648.656,148.656,0.64,0.65,0.35,0.36,0.01,0.01,77765.1,1777270647000
1777270649.25,149.25,0.65,0.66,0.34,0.35,0.01,0.01,77765.1,1777270647000
1777270649.592,149.592,0.65,0.66,0.34,0.35,0.01,0.01,77764.78,1777270648000
1777270649.988,149.988,0.65,0.66,0.34,0.35,0.01,0.01,77764.78,1777270648000
1777270650.338,150.338,0.65,0.66,0.34,0.35,0.01,0.01,77765.81,1777270649000
1777270650.875,150.875,0.65,0.66,0.34,0.35,0.01,0.01,77766.11,1777270650000
1777270651.271,151.271,0.65,0.66,0.34,0.35,0.01,0.01,77766.11,1777270650000
1777270651.825,151.825,0.65,0.66,0.34,0.35,0.01,0.01,77766.11,1777270650000
1777270652.29,152.29,0.6,0.61,0.35,0.41,0.01,0.06,77766.11,1777270650000
1777270653.007,153.007,0.6,0.61,0.39,0.4,0.01,0.01,77765.75,1777270651000
1777270653.34,153.34,0.6,0.61,0.39,0.4,0.01,0.01,77765.75,1777270651000
1777270653.745,153.745,0.6,0.61,0.39,0.4,0.01,0.01,77764.44,1777270652000
1777270654.11,154.11,0.59,0.6,0.4,0.41,0.01,0.01,77764.44,1777270652000
1777270654.546,154.546,0.59,0.6,0.4,0.41,0.01,0.01,77764.44,1777270653000
1777270654.952,154.952,0.59,0.6,0.4,0.41,0.01,0.01,77764.44,1777270653000
1777270655.397,155.397,0.58,0.59,0.41,0.42,0.01,0.01,77762.99,1777270654000
1777270655.9,155.9,0.58,0.59,0.41,0.42,0.01,0.01,77762.99,1777270654000
1777270656.251,156.251,0.58,0.59,0.41,0.42,0.01,0.01,77761.52,1777270655000
1777270656.649,156.649,0.58,0.59,0.41,0.42,0.01,0.01,77761.52,1777270655000
1777270657.409,157.409,0.58,0.59,0.41,0.42,0.01,0.01,77760.07,1777270656000
1777270657.954,157.954,0.58,0.59,0.41,0.42,0.01,0.01,77760.07,1777270656000
1777270658.413,158.413,0.58,0.59,0.41,0.42,0.01,0.01,77762.03,1777270657000
1777270659.202,159.202,0.58,0.59,0.41,0.42,0.01,0.01,77762.03,1777270657000
1777270660.025,160.025,0.58,0.6,0.4,0.42,0.02,0.02,77760.09,1777270659000
1777270660.404,160.404,0.6,0.61,0.4,0.41,0.01,0.01,77760.09,1777270659000
1777270660.881,160.881,0.61,0.62,0.39,0.4,0.01,0.01,77760.09,1777270659000
1777270661.459,161.459,0.61,0.62,0.38,0.39,0.01,0.01,77763.28,1777270660000
1777270662.15,162.15,0.61,0.62,0.38,0.39,0.01,0.01,77763.28,1777270660000
1777270662.576,162.576,0.61,0.62,0.38,0.39,0.01,0.01,77761.45,1777270661000
1777270662.935,162.935,0.62,0.63,0.38,0.39,0.01,0.01,77761.45,1777270661000
1777270663.376,163.376,0.62,0.63,0.37,0.38,0.01,0.01,77761.45,1777270661000
1777270663.754,163.754,0.62,0.63,0.37,0.38,0.01,0.01,77762.71,1777270662000
1777270664.143,164.143,0.62,0.63,0.37,0.38,0.01,0.01,77761.4,1777270663000
1777270664.69,164.69,0.62,0.63,0.37,0.38,0.01,0.01,77761.4,1777270663000
1777270665.045,165.045,0.62,0.63,0.37,0.38,0.01,0.01,77761.4,1777270663000
1777270665.559,165.559,0.62,0.63,0.37,0.38,0.01,0.01,77760.09,1777270664000
1777270666.286,166.286,0.62,0.64,0.36,0.38,0.02,0.02,77761.49,1777270665000
1777270666.723,166.723,0.63,0.64,0.36,0.37,0.01,0.01,77761.49,1777270665000
1777270667.162,167.162,0.63,0.64,0.36,0.37,0.01,0.01,77761.07,1777270666000
1777270667.634,167.634,0.64,0.65,0.36,0.37,0.01,0.01,77761.07,1777270666000
1777270668.174,168.174,0.64,0.65,0.35,0.36,0.01,0.01,77761.07,1777270666000
1777270668.662,168.662,0.64,0.65,0.35,0.36,0.01,0.01,77760.09,1777270667000
1777270669.013,169.013,0.69,0.7,0.3,0.31,0.01,0.01,77760.09,1777270667000
1777270669.483,169.483,0.69,0.7,0.3,0.31,0.01,0.01,77760.09,1777270668000
1777270669.853,169.853,0.69,0.7,0.3,0.31,0.01,0.01,77760.09,1777270668000
1777270670.206,170.206,0.69,0.7,0.3,0.31,0.01,0.01,77760.09,1777270668000
1777270670.547,170.547,0.69,0.7,0.3,0.31,0.01,0.01,77766.76,1777270669000
1777270670.903,170.903,0.69,0.7,0.3,0.31,0.01,0.01,77766.76,1777270669000
1777270671.249,171.249,0.67,0.69,0.31,0.33,0.02,0.02,77766.76,1777270669000
1777270671.64,171.64,0.67,0.68,0.32,0.33,0.01,0.01,77772.2,1777270670000
1777270672.025,172.025,0.66,0.67,0.33,0.34,0.01,0.01,77772.2,1777270670000
1777270672.473,172.473,0.65,0.67,0.33,0.35,0.02,0.02,77773.94,1777270671000
1777270672.972,172.972,0.65,0.66,0.34,0.35,0.01,0.01,77773.94,1777270671000
1777270673.558,173.558,0.65,0.66,0.34,0.35,0.01,0.01,77769.81,1777270672000
1777270673.985,173.985,0.65,0.66,0.34,0.35,0.01,0.01,77769.81,1777270672000
1777270674.414,174.414,0.65,0.66,0.34,0.35,0.01,0.01,77769.81,1777270672000
1777270674.77,174.77,0.65,0.67,0.34,0.35,0.02,0.01,77769.81,1777270672000
1777270675.286,175.286,0.65,0.67,0.33,0.35,0.02,0.02,77769.6,1777270674000
1777270675.688,175.688,0.66,0.67,0.33,0.34,0.01,0.01,77769.6,1777270674000
1777270676.439,176.439,0.66,0.67,0.33,0.34,0.01,0.01,77769.6,1777270674000
1777270677.189,177.189,0.66,0.67,0.33,0.34,0.01,0.01,77769.75,1777270676000
1777270677.928,177.928,0.69,0.7,0.3,0.31,0.01,0.01,77769.75,1777270676000
1777270678.296,178.296,0.69,0.7,0.3,0.31,0.01,0.01,77770.72,1777270677000
1777270678.691,178.691,0.71,0.72,0.3,0.31,0.01,0.01,77770.72,1777270677000
1777270679.032,179.032,0.73,0.74,0.26,0.29,0.01,0.03,77770.72,1777270677000
1777270679.452,179.452,0.73,0.74,0.26,0.27,0.01,0.01,77770.25,1777270678000
1777270679.88,179.88,0.73,0.74,0.26,0.27,0.01,0.01,77770.25,1777270678000
1777270680.248,180.248,0.75,0.76,0.24,0.25,0.01,0.01,77771.26,1777270679000
1777270681.072,181.072,0.75,0.76,0.24,0.25,0.01,0.01,77779.83,1777270680000
1777270681.446,181.446,0.74,0.76,0.24,0.25,0.02,0.01,77779.83,1777270680000
1777270681.793,181.793,0.74,0.76,0.24,0.26,0.02,0.02,77779.83,1777270680000
1777270682.129,182.129,0.76,0.78,0.22,0.25,0.02,0.03,77779.83,1777270680000
1777270682.476,182.476,0.76,0.77,0.23,0.24,0.01,0.01,77779.99,1777270681000
1777270682.832,182.832,0.78,0.79,0.18,0.23,0.01,0.05,77779.99,1777270681000
1777270683.205,183.205,0.79,0.8,0.2,0.21,0.01,0.01,77779.99,1777270681000
1777270683.712,183.712,0.8,0.81,0.19,0.2,0.01,0.01,77779.99,1777270681000
1777270684.074,184.074,0.8,0.81,0.19,0.2,0.01,0.01,77779.99,1777270681000
1777270684.424,184.424,0.8,0.81,0.19,0.2,0.01,0.01,77780.86,1777270683000
1777270684.84,184.84,0.8,0.81,0.19,0.2,0.01,0.01,77780.86,1777270683000
1777270685.266,185.266,0.8,0.81,0.19,0.2,0.01,0.01,77780.86,1777270683000
1777270685.601,185.601,0.8,0.81,0.19,0.2,0.01,0.01,77781.43,1777270684000
1777270686.02,186.02,0.8,0.82,0.18,0.19,0.02,0.01,77781.43,1777270684000
1777270686.464,186.464,0.81,0.82,0.18,0.19,0.01,0.01,77783.79,1777270685000
1777270686.8,186.8,0.81,0.82,0.18,0.19,0.01,0.01,77783.79,1777270685000
1777270687.17,187.17,0.83,0.84,0.16,0.17,0.01,0.01,77783.68,1777270686000
1777270687.54,187.54,0.83,0.84,0.16,0.17,0.01,0.01,77783.68,1777270686000
1777270687.994,187.994,0.83,0.84,0.16,0.17,0.01,0.01,77783.68,1777270686000
1777270688.948,188.948,0.83,0.84,0.16,0.17,0.01,0.01,77783.68,1777270686000
1777270689.306,189.306,0.83,0.84,0.16,0.17,0.01,0.01,77789.78,1777270688000
1777270689.797,189.797,0.83,0.84,0.16,0.17,0.01,0.01,77789.78,1777270688000
1777270690.131,190.131,0.82,0.83,0.17,0.18,0.01,0.01,77789.78,1777270688000
1777270690.475,190.475,0.82,0.83,0.17,0.18,0.01,0.01,77789.14,1777270689000
1777270690.934,190.934,0.82,0.83,0.17,0.18,0.01,0.01,77789.14,1777270689000
1777270691.298,191.298,0.87,0.88,0.11,0.13,0.01,0.02,77789.14,1777270689000
1777270691.636,191.636,0.87,0.88,0.12,0.13,0.01,0.01,77788.82,1777270690000
1777270691.987,191.987,0.86,0.87,0.13,0.14,0.01,0.01,77788.82,1777270690000
1777270692.362,192.362,0.86,0.87,0.13,0.14,0.01,0.01,77792.93,1777270691000
1777270692.723,192.723,0.86,0.87,0.13,0.14,0.01,0.01,77792.93,1777270691000
1777270693.15,193.15,0.86,0.87,0.13,0.14,0.01,0.01,77793.8,1777270692000
1777270693.521,193.521,0.89,0.9,0.1,0.11,0.01,0.01,77793.8,1777270692000
1777270693.858,193.858,0.89,0.9,0.1,0.11,0.01,0.01,77793.8,1777270692000
1777270694.192,194.192,0.88,0.89,0.11,0.12,0.01,0.01,77795.25,1777270693000
1777270694.74,194.74,0.87,0.88,0.11,0.12,0.01,0.01,77795.25,1777270693000
1777270695.086,195.086,0.87,0.88,0.12,0.13,0.01,0.01,77795.25,1777270693000
1777270695.431,195.431,0.87,0.88,0.12,0.13,0.01,0.01,77796.77,1777270694000
1777270695.978,195.978,0.87,0.88,0.12,0.13,0.01,0.01,77796.77,1777270694000
1777270696.529,196.529,0.87,0.89,0.12,0.13,0.02,0.01,77795.25,1777270695000
1777270696.887,196.887,0.89,0.9,0.1,0.11,0.01,0.01,77795.25,1777270695000
1777270697.254,197.254,0.89,0.9,0.1,0.11,0.01,0.01,77795.87,1777270696000
1777270697.601,197.601,0.89,0.9,0.1,0.11,0.01,0.01,77795.87,1777270696000
1777270698.239,198.239,0.89,0.9,0.1,0.11,0.01,0.01,77796.0,1777270697000
1777270698.774,198.774,0.89,0.9,0.1,0.11,0.01,0.01,77796.0,1777270697000
1777270699.118,199.118,0.9,0.91,0.09,0.1,0.01,0.01,77796.0,1777270697000
1777270699.555,199.555,0.9,0.91,0.09,0.1,0.01,0.01,77795.25,1777270698000
1777270700.029,200.029,0.88,0.92,0.08,0.09,0.04,0.01,77795.25,1777270698000
1777270700.4,200.4,0.89,0.9,0.1,0.11,0.01,0.01,77795.33,1777270699000
1777270700.746,200.746,0.89,0.9,0.1,0.11,0.01,0.01,77795.33,1777270699000
1777270701.119,201.119,0.87,0.88,0.12,0.13,0.01,0.01,77795.33,1777270699000
1777270701.677,201.677,0.88,0.89,0.11,0.12,0.01,0.01,77795.34,1777270700000
1777270702.013,202.013,0.89,0.9,0.1,0.11,0.01,0.01,77799.76,1777270701000
1777270702.486,202.486,0.88,0.9,0.11,0.12,0.02,0.01,77799.76,1777270701000
1777270703.232,203.232,0.88,0.9,0.1,0.12,0.02,0.02,77805.18,1777270702000
1777270703.671,203.671,0.89,0.9,0.1,0.11,0.01,0.01,77805.18,1777270702000
1777270704.243,204.243,0.88,0.89,0.1,0.11,0.01,0.01,77805.18,1777270702000
1777270704.993,204.993,0.88,0.89,0.11,0.12,0.01,0.01,77808.28,1777270704000
1777270705.33,205.33,0.88,0.89,0.11,0.12,0.01,0.01,77808.28,1777270704000
1777270705.789,205.789,0.88,0.89,0.11,0.12,0.01,0.01,77808.28,1777270704000
1777270706.156,206.156,0.84,0.88,0.12,0.16,0.04,0.04,77804.22,1777270705000
1777270706.491,206.491,0.85,0.86,0.12,0.16,0.01,0.04,77804.22,1777270705000
1777270706.844,206.844,0.85,0.86,0.14,0.15,0.01,0.01,77804.22,1777270705000
1777270707.219,207.219,0.85,0.86,0.14,0.16,0.01,0.02,77804.22,1777270705000
1777270707.67,207.67,0.87,0.88,0.12,0.13,0.01,0.01,77800.9,1777270706000
1777270708.022,208.022,0.87,0.88,0.12,0.13,0.01,0.01,77800.9,1777270706000
1777270708.509,208.509,0.87,0.88,0.12,0.13,0.01,0.01,77800.9,1777270706000
1777270709.121,209.121,0.86,0.88,0.12,0.14,0.02,0.02,77797.89,1777270708000
1777270709.503,209.503,0.86,0.87,0.13,0.14,0.01,0.01,77797.89,1777270708000
1777270709.865,209.865,0.86,0.88,0.13,0.14,0.02,0.01,77797.89,1777270708000
1777270710.223,210.223,0.88,0.89,0.12,0.13,0.01,0.01,77797.89,1777270708000
1777270710.603,210.603,0.89,0.9,0.1,0.11,0.01,0.01,77796.63,1777270709000
1777270710.939,210.939,0.9,0.91,0.08,0.1,0.01,0.02,77796.63,1777270709000
1777270711.453,211.453,0.9,0.91,0.09,0.1,0.01,0.01,77799.16,1777270710000
1777270711.929,211.929,0.9,0.91,0.09,0.1,0.01,0.01,77799.23,1777270711000
1777270712.521,212.521,0.9,0.91,0.09,0.1,0.01,0.01,77799.23,1777270711000
1777270712.945,212.945,0.9,0.92,0.09,0.1,0.02,0.01,77799.23,1777270711000
1777270713.288,213.288,0.91,0.94,0.06,0.09,0.03,0.03,77799.23,1777270711000
1777270713.65,213.65,0.92,0.93,0.08,0.09,0.01,0.01,77799.23,1777270711000
1777270713.991,213.991,0.92,0.93,0.07,0.08,0.01,0.01,77802.96,1777270712000
1777270714.349,214.349,0.92,0.93,0.07,0.08,0.01,0.01,77802.96,1777270712000
1777270714.701,214.701,0.92,0.93,0.07,0.08,0.01,0.01,77802.96,1777270712000
1777270715.272,215.272,0.93,0.94,0.06,0.08,0.01,0.02,77805.39,1777270713000
1777270715.621,215.621,0.93,0.94,0.06,0.07,0.01,0.01,77805.39,1777270713000
1777270715.977,215.977,0.93,0.94,0.06,0.07,0.01,0.01,77804.23,1777270714000
1777270716.35,216.35,0.93,0.94,0.06,0.07,0.01,0.01,77804.23,1777270714000
1777270716.907,216.907,0.93,0.94,0.06,0.07,0.01,0.01,77802.57,1777270715000
1777270717.291,217.291,0.93,0.94,0.06,0.07,0.01,0.01,77802.5,1777270716000
1777270717.903,217.903,0.93,0.94,0.06,0.07,0.01,0.01,77802.5,1777270716000
1777270718.268,218.268,0.93,0.94,0.06,0.07,0.01,0.01,77802.5,1777270716000
1777270718.703,218.703,0.93,0.94,0.06,0.07,0.01,0.01,77802.5,1777270716000
1777270719.292,219.292,0.93,0.94,0.06,0.07,0.01,0.01,77805.09,1777270717000
1777270719.906,219.906,0.93,0.94,0.06,0.07,0.01,0.01,77805.09,1777270717000
1777270720.316,220.316,0.93,0.94,0.06,0.07,0.01,0.01,77802.73,1777270718000
1777270720.656,220.656,0.93,0.94,0.06,0.07,0.01,0.01,77802.73,1777270718000
1777270721.263,221.263,0.94,0.95,0.06,0.07,0.01,0.01,77802.73,1777270719000
1777270721.6,221.6,0.94,0.95,0.05,0.06,0.01,0.01,77807.19,1777270720000
1777270722.044,222.044,0.94,0.95,0.05,0.06,0.01,0.01,77807.19,1777270720000
1777270722.39,222.39,0.94,0.95,0.05,0.06,0.01,0.01,77807.19,1777270720000
1777270722.742,222.742,0.94,0.95,0.05,0.06,0.01,0.01,77804.91,1777270721000
1777270723.091,223.091,0.94,0.95,0.05,0.06,0.01,0.01,77804.91,1777270721000
1777270723.436,223.436,0.94,0.95,0.05,0.06,0.01,0.01,77804.57,1777270722000
1777270723.952,223.952,0.94,0.95,0.05,0.06,0.01,0.01,77804.57,1777270722000
1777270724.403,224.403,0.95,0.96,0.05,0.06,0.01,0.01,77804.57,1777270722000
1777270724.846,224.846,0.95,0.96,0.04,0.05,0.01,0.01,77806.52,1777270723000
1777270725.184,225.184,0.95,0.96,0.04,0.05,0.01,0.01,77806.52,1777270724000
1777270725.542,225.542,0.94,0.95,0.05,0.06,0.01,0.01,77806.52,1777270724000
1777270725.893,225.893,0.94,0.95,0.05,0.06,0.01,0.01,77806.52,1777270724000
1777270726.374,226.374,0.95,0.96,0.04,0.06,0.01,0.02,77806.52,1777270724000
1777270726.789,226.789,0.95,0.96,0.04,0.05,0.01,0.01,77806.37,1777270725000
1777270727.263,227.263,0.95,0.96,0.04,0.05,0.01,0.01,77804.88,1777270726000
1777270727.886,227.886,0.95,0.96,0.04,0.05,0.01,0.01,77804.88,1777270726000
1777270728.644,228.644,0.95,0.96,0.04,0.05,0.01,0.01,77807.04,1777270727000
1777270729.051,229.051,0.95,0.96,0.04,0.05,0.01,0.01,77807.04,1777270727000
1777270729.386,229.386,0.95,0.96,0.04,0.05,0.01,0.01,77807.04,1777270727000
1777270729.787,229.787,0.94,0.95,0.04,0.06,0.01,0.02,77808.24,1777270728000
1777270730.128,230.128,0.94,0.95,0.05,0.06,0.01,0.01,77808.35,1777270729000
1777270730.555,230.555,0.94,0.95,0.05,0.06,0.01,0.01,77808.35,1777270729000
1777270730.931,230.931,0.94,0.96,0.05,0.06,0.02,0.01,77808.35,1777270729000
1777270731.272,231.272,0.95,0.96,0.04,0.05,0.01,0.01,77808.35,1777270729000
1777270731.632,231.632,0.95,0.96,0.04,0.05,0.01,0.01,77807.53,1777270730000
1777270731.98,231.98,0.95,0.96,0.04,0.05,0.01,0.01,77807.53,1777270730000
1777270732.522,232.522,0.95,0.96,0.04,0.05,0.01,0.01,77809.79,1777270731000
1777270732.957,232.957,0.95,0.96,0.04,0.05,0.01,0.01,77809.79,1777270731000
1777270733.353,233.353,0.96,0.97,0.03,0.04,0.01,0.01,77813.03,1777270732000
1777270733.722,233.722,0.96,0.97,0.03,0.04,0.01,0.01,77813.03,1777270732000
1777270734.189,234.189,0.96,0.97,0.03,0.04,0.01,0.01,77810.93,1777270733000
1777270734.648,234.648,0.96,0.97,0.03,0.04,0.01,0.01,77810.93,1777270733000
1777270735.043,235.043,0.96,0.97,0.03,0.04,0.01,0.01,77810.93,1777270733000
1777270735.531,235.531,0.96,0.97,0.03,0.04,0.01,0.01,77813.4,1777270734000
1777270735.878,235.878,0.96,0.97,0.03,0.04,0.01,0.01,77813.4,1777270734000
1777270736.27,236.27,0.96,0.97,0.03,0.04,0.01,0.01,77810.81,1777270735000
1777270736.694,236.694,0.96,0.97,0.03,0.04,0.01,0.01,77810.81,1777270735000
1777270737.053,237.053,0.96,0.97,0.03,0.04,0.01,0.01,77810.81,1777270736000
1777270737.772,237.772,0.96,0.97,0.03,0.04,0.01,0.01,77810.81,1777270736000
1777270738.293,238.293,0.96,0.97,0.03,0.04,0.01,0.01,77813.75,1777270737000
1777270738.765,238.765,0.96,0.97,0.03,0.04,0.01,0.01,77813.75,1777270737000
1777270739.129,239.129,0.96,0.97,0.03,0.04,0.01,0.01,77810.81,1777270738000
1777270739.488,239.488,0.96,0.97,0.03,0.04,0.01,0.01,77810.81,1777270738000
1777270740.042,240.042,0.96,0.97,0.03,0.04,0.01,0.01,77810.81,1777270738000
1777270740.414,240.414,0.96,0.97,0.03,0.04,0.01,0.01,77810.82,1777270739000
1777270740.755,240.755,0.96,0.97,0.03,0.04,0.01,0.01,77810.82,1777270739000
1777270741.107,241.107,0.96,0.97,0.03,0.04,0.01,0.01,77813.64,1777270740000
1777270741.493,241.493,0.96,0.97,0.03,0.04,0.01,0.01,77813.64,1777270740000
1777270741.857,241.857,0.95,0.96,0.03,0.04,0.01,0.01,77813.64,1777270740000
1777270742.355,242.355,0.95,0.96,0.04,0.05,0.01,0.01,77813.8,1777270741000
1777270742.826,242.826,0.95,0.96,0.04,0.05,0.01,0.01,77813.8,1777270741000
1777270743.213,243.213,0.95,0.96,0.04,0.05,0.01,0.01,77812.09,1777270742000
1777270743.739,243.739,0.95,0.96,0.04,0.05,0.01,0.01,77812.09,1777270742000
1777270744.082,244.082,0.94,0.96,0.05,0.06,0.02,0.01,77812.09,1777270742000
1777270744.416,244.416,0.95,0.96,0.04,0.05,0.01,0.01,77811.49,1777270743000
1777270744.749,244.749,0.95,0.96,0.04,0.05,0.01,0.01,77811.49,1777270743000
1777270745.185,245.185,0.95,0.96,0.04,0.05,0.01,0.01,77806.65,1777270744000
1777270745.796,245.796,0.95,0.96,0.04,0.05,0.01,0.01,77806.65,1777270744000
1777270746.158,246.158,0.95,0.96,0.04,0.05,0.01,0.01,77806.65,1777270744000
1777270746.512,246.512,0.94,0.95,0.05,0.06,0.01,0.01,77805.86,1777270745000
1777270746.953,246.953,0.94,0.95,0.05,0.06,0.01,0.01,77805.86,1777270745000
1777270747.3,247.3,0.95,0.96,0.04,0.05,0.01,0.01,77802.07,1777270746000
1777270747.773,247.773,0.95,0.96,0.04,0.05,0.01,0.01,77802.07,1777270746000
1777270748.164,248.164,0.95,0.96,0.04,0.05,0.01,0.01,77802.07,1777270747000
1777270748.513,248.513,0.95,0.96,0.04,0.05,0.01,0.01,77802.07,1777270747000
1777270749.099,249.099,0.95,0.96,0.04,0.05,0.01,0.01,77802.07,1777270747000
1777270749.586,249.586,0.95,0.96,0.04,0.05,0.01,0.01,77792.84,1777270748000
1777270750.013,250.013,0.95,0.96,0.04,0.05,0.01,0.01,77792.84,1777270748000
1777270750.366,250.366,0.95,0.96,0.04,0.05,0.01,0.01,77792.44,1777270749000
1777270750.854,250.854,0.96,0.97,0.04,0.05,0.01,0.01,77792.44,1777270749000
1777270751.257,251.257,0.96,0.97,0.03,0.04,0.01,0.01,77792.44,1777270749000
1777270751.668,251.668,0.96,0.97,0.03,0.04,0.01,0.01,77795.15,1777270750000
1777270752.275,252.275,0.96,0.97,0.03,0.04,0.01,0.01,77794.61,1777270751000
1777270752.658,252.658,0.96,0.97,0.03,0.04,0.01,0.01,77794.61,1777270751000
1777270753.003,253.003,0.96,0.97,0.03,0.04,0.01,0.01,77794.61,1777270751000
1777270753.68,253.68,0.96,0.97,0.03,0.04,0.01,0.01,77794.33,1777270752000
1777270754.222,254.222,0.96,0.97,0.03,0.04,0.01,0.01,77794.33,1777270752000
1777270754.846,254.846,0.96,0.97,0.03,0.04,0.01,0.01,77793.83,1777270753000
1777270755.274,255.274,0.96,0.98,0.02,0.04,0.02,0.02,77793.83,1777270754000
1777270755.935,255.935,0.97,0.98,0.02,0.03,0.01,0.01,77793.83,1777270754000
1777270756.279,256.279,0.97,0.98,0.02,0.03,0.01,0.01,77793.83,1777270754000
1777270756.723,256.723,0.97,0.98,0.02,0.03,0.01,0.01,77795.16,1777270755000
1777270757.088,257.088,0.97,0.98,0.02,0.03,0.01,0.01,77795.16,1777270755000
1777270757.442,257.442,0.97,0.98,0.02,0.03,0.01,0.01,77797.05,1777270756000
1777270758.069,258.069,0.97,0.98,0.02,0.03,0.01,0.01,77797.05,1777270756000
1777270758.576,258.576,0.97,0.98,0.02,0.03,0.01,0.01,77797.05,1777270756000
1777270758.922,258.922,0.97,0.98,0.02,0.03,0.01,0.01,77806.79,1777270757000
1777270759.327,259.327,0.97,0.98,0.02,0.03,0.01,0.01,77806.79,1777270757000
1777270760.015,260.015,0.97,0.98,0.02,0.03,0.01,0.01,77808.13,1777270758000
1777270760.42,260.42,0.97,0.98,0.02,0.03,0.01,0.01,77808.13,1777270758000
1777270760.805,260.805,0.97,0.98,0.02,0.03,0.01,0.01,77807.99,1777270759000
1777270761.411,261.411,0.97,0.98,0.02,0.03,0.01,0.01,77807.99,1777270759000
1777270761.814,261.814,0.97,0.98,0.02,0.03,0.01,0.01,77807.78,1777270760000
1777270762.162,262.162,0.97,0.98,0.02,0.03,0.01,0.01,77806.77,1777270761000
1777270762.512,262.512,0.98,0.99,0.01,0.02,0.01,0.01,77806.77,1777270761000
1777270762.897,262.897,0.98,0.99,0.01,0.02,0.01,0.01,77806.77,1777270761000
1777270763.246,263.246,0.98,0.99,0.01,0.02,0.01,0.01,77806.77,1777270761000
1777270763.657,263.657,0.98,0.99,0.01,0.02,0.01,0.01,77806.77,1777270761000
1777270764.005,264.005,0.98,0.99,0.01,0.02,0.01,0.01,77806.77,1777270761000
1777270764.417,264.417,0.98,0.99,0.01,0.02,0.01,0.01,77825.41,1777270762000
1777270764.811,264.811,0.98,0.99,0.01,0.02,0.01,0.01,77824.61,1777270763000
1777270765.196,265.196,0.98,0.99,0.01,0.02,0.01,0.01,77824.61,1777270763000
1777270765.56,265.56,0.98,0.99,0.01,0.02,0.01,0.01,77824.61,1777270763000
1777270765.921,265.921,0.98,0.99,0.01,0.02,0.01,0.01,77824.61,1777270763000
1777270766.428,266.428,0.98,0.99,0.01,0.02,0.01,0.01,77824.61,1777270765000
1777270766.844,266.844,0.98,0.99,0.01,0.02,0.01,0.01,77824.61,1777270765000
1777270767.347,267.347,0.98,0.99,0.01,0.02,0.01,0.01,77825.16,1777270766000
1777270767.701,267.701,0.98,0.99,0.01,0.02,0.01,0.01,77825.16,1777270766000
1777270768.09,268.09,0.99,0.99,0.01,0.02,0.0,0.01,77825.16,1777270766000
1777270768.448,268.448,0.99,0.99,0.01,0.01,0.0,0.0,77825.16,1777270766000
1777270768.787,268.787,0.99,0.99,0.01,0.01,0.0,0.0,77827.18,1777270767000
1777270769.153,269.153,0.99,0.99,0.01,0.01,0.0,0.0,77824.64,1777270768000
1777270770.141,270.141,0.99,0.99,0.01,0.01,0.0,0.0,77824.64,1777270768000
1777270770.958,270.958,0.99,0.99,0.01,0.01,0.0,0.0,77824.65,1777270769000
1777270771.375,271.375,0.99,0.99,0.01,0.01,0.0,0.0,77824.65,1777270770000
1777270772.288,272.288,0.99,0.99,0.01,0.01,0.0,0.0,77827.86,1777270771000
1777270773.011,273.011,0.99,0.99,0.01,0.01,0.0,0.0,77827.86,1777270771000
1777270773.463,273.463,0.99,0.99,0.01,0.01,0.0,0.0,77829.48,1777270772000
1777270773.855,273.855,0.99,0.99,0.01,0.01,0.0,0.0,77829.48,1777270772000
1777270774.701,274.701,0.99,0.99,0.01,0.01,0.0,0.0,77827.43,1777270773000
1777270775.192,275.192,0.99,0.99,0.01,0.01,0.0,0.0,77823.03,1777270774000
1777270775.829,275.829,0.99,0.99,0.01,0.01,0.0,0.0,77823.03,1777270774000
1777270776.346,276.346,0.99,0.99,0.01,0.01,0.0,0.0,77822.3,1777270775000
1777270776.952,276.952,0.99,0.99,0.01,0.01,0.0,0.0,77823.12,1777270776000
1777270777.457,277.457,0.99,0.99,0.01,0.01,0.0,0.0,77823.12,1777270776000
1777270778.17,278.17,0.99,0.99,0.01,0.01,0.0,0.0,77821.66,1777270777000
1777270778.818,278.818,0.99,0.99,0.01,0.01,0.0,0.0,77821.66,1777270777000
1777270779.304,279.304,0.99,0.99,0.01,0.01,0.0,0.0,77822.36,1777270778000
1777270779.715,279.715,0.99,0.99,0.01,0.01,0.0,0.0,77822.36,1777270778000
1777270780.343,280.343,0.99,0.99,0.01,0.01,0.0,0.0,77819.86,1777270779000
1777270780.94,280.94,0.99,0.99,0.01,0.01,0.0,0.0,77823.25,1777270780000
1777270782.934,282.934,0.99,0.99,0.01,0.01,0.0,0.0,77824.4,1777270781000
1777270783.368,283.368,0.99,0.99,0.01,0.01,0.0,0.0,77824.46,1777270782000
1777270783.999,283.999,0.99,0.99,0.01,0.01,0.0,0.0,77824.38,1777270783000
1777270785.068,285.068,0.99,0.99,0.01,0.01,0.0,0.0,77824.38,1777270783000
1777270785.405,285.405,0.99,0.99,0.01,0.01,0.0,0.0,77828.32,1777270784000
1777270786.319,286.319,0.99,0.99,0.01,0.01,0.0,0.0,77828.32,1777270784000
1777270786.982,286.982,0.99,0.99,0.01,0.01,0.0,0.0,77833.42,1777270785000
1777270787.425,287.425,0.99,0.99,0.01,0.01,0.0,0.0,77833.42,1777270785000
1777270787.963,287.963,0.99,0.99,0.01,0.01,0.0,0.0,77846.86,1777270787000
1777270788.608,288.608,0.99,0.99,0.01,0.01,0.0,0.0,77846.86,1777270787000
1777270789.244,289.244,0.99,0.99,0.01,0.01,0.0,0.0,77850.82,1777270788000
1777270790.207,290.207,0.99,0.99,0.01,0.01,0.0,0.0,77850.82,1777270788000
1777270791.038,291.038,0.99,0.99,0.01,0.01,0.0,0.0,77853.36,1777270790000
1777270792.31,292.31,0.99,0.99,0.01,0.01,0.0,0.0,77855.3,1777270791000
1777270792.656,292.656,0.99,0.99,0.01,0.01,0.0,0.0,77855.3,1777270791000
1777270793.456,293.456,0.99,0.99,0.01,0.01,0.0,0.0,77858.02,1777270792000
1777270794.053,294.053,0.99,0.99,0.01,0.01,0.0,0.0,77855.98,1777270793000
1777270794.446,294.446,0.99,0.99,0.01,0.01,0.0,0.0,77855.98,1777270793000
1777270795.082,295.082,0.99,0.99,0.01,0.01,0.0,0.0,77855.98,1777270793000
1777270796.225,296.225,0.99,0.99,0.01,0.01,0.0,0.0,77855.98,1777270795000
1777270796.58,296.58,0.99,0.99,0.01,0.01,0.0,0.0,77855.98,1777270795000
1777270797.497,297.497,0.99,0.99,0.01,0.01,0.0,0.0,77858.47,1777270796000
1777270798.084,298.084,0.99,0.99,0.01,0.01,0.0,0.0,77858.29,1777270797000
1777270799.207,299.207,0.99,0.99,0.01,0.01,0.0,0.0,77858.29,1777270797000
1777270800.355,300.355,0.99,0.99,0.01,0.01,0.0,0.0,77856.24,1777270799000
1777270800.769,300.769,0.99,0.99,0.01,0.01,0.0,0.0,77856.24,1777270799000
1777270801.977,301.977,0.99,0.99,0.01,0.01,0.0,0.0,77859.25,1777270801000

# RESULT,winner=Up,slug=btc-updown-5m-1777270500,ticks=641
